,concentration
0,0.2931420316508202
1,0.24544946992294406
2,0.1543337463930434
3,0.25792479599520746
4,0.24126441761730055
5,0.2881899714182548
6,0.1795607643261217
7,0.2840880850157398
8,0.17124160460398147
9,0.20996385660297118
10,0.16541246026877685
11,0.25509362859332996
12,0.26291462129035137
13,0.13510227538238245
14,0.13373600068138236
15,0.20007212414573664
16,0.1518866461902494
17,0.1959114542066552
18,0.18043372363831198
19,0.16648581952024877
20,0.21300070625587958
21,0.3192370863265704
22,0.1843802063767173
23,0.19051443430972792
24,0.2981094025474734
25,0.23657098078575362
26,0.13452764155038488
27,0.20441586008544682
28,0.13222971773181624
29,0.15585248145908218
30,0.20305831156421467
31,0.19725013477207948
32,0.18558605325108074
33,0.11685053990635183
34,0.2678255784433678
35,0.18405185954742695
36,0.18761760699620939
37,0.21661331160131847
38,0.23592040178846807
39,0.2256135989204425
40,0.15379805168932853
41,0.1319809514451817
42,0.2622242176807396
43,0.24717544498816313
44,0.2570322090095224
45,0.1978965383494716
46,0.14471527246286264
47,0.22534651368333553
48,0.12351967664186593
49,0.20339859439547678
50,0.2512691485143771
51,0.25259314600923605
52,0.21694802473057018
53,0.13614762095014862
54,0.15455541358223926
55,0.2249523048955868
56,0.25779306872335483
57,0.1509133800306651
58,0.2286572129325089
59,0.18274536142623626
