,concentration
0,0.2700829876168379
1,0.21596155513457865
2,0.1363451212377861
3,0.3056179779079712
4,0.2504807594542172
5,0.27296087901378246
6,0.19344988277232725
7,0.27148439114706496
8,0.16260584486353521
9,0.19491580990208662
10,0.1763977358461442
11,0.2648684482049209
12,0.26856620526949176
13,0.13987901404347447
14,0.1733878697547631
15,0.20580755714481877
16,0.13665141412617102
17,0.1968865363501968
18,0.19529634911076513
19,0.1686355918882593
20,0.19602728993859442
21,0.29856928041999536
22,0.18215327965151132
23,0.18659608716182616
24,0.31120141484658775
25,0.20831492362294346
26,0.1551637088263464
27,0.20222503341465758
28,0.13222971773181624
29,0.18195038974449648
30,0.1505132484311743
31,0.2240379716276988
32,0.1926727449045712
33,0.08010485571894493
34,0.20521376699012708
35,0.191148021439146
36,0.1768281709837615
37,0.20427350801084196
38,0.270402689767449
39,0.19407295261323562
40,0.18955440022740858
41,0.1447491167217754
42,0.27515800781081934
43,0.23802597754566776
44,0.24766945635780094
45,0.21199116737649415
46,0.12057557794708994
47,0.21666513652683628
48,0.1258252983484936
49,0.20855429573651668
50,0.2279930108855077
51,0.24069765231524887
52,0.23478665342749322
53,0.13654544380458197
54,0.1931931755478895
55,0.1930576397757961
56,0.2577930687233582
57,0.12547087965346113
58,0.24029560322838095
59,0.19574009510063373
