,concentration
0,0.27392084005558626
1,0.2419586949962433
2,0.17924170216739094
3,0.2282835191874881
4,0.26611728807310303
5,0.27296087901378246
6,0.19344988277232725
7,0.2714843911470657
8,0.16589738531159462
9,0.18796301114372377
10,0.18303911640406575
11,0.27412997506830183
12,0.27518150971919464
13,0.12970000717489236
14,0.14472692015716632
15,0.24609572754179823
16,0.1476791501362474
17,0.19591145420665462
18,0.19771582367308266
19,0.15271552617485157
20,0.21300070625587966
21,0.3067794988611174
22,0.18193338437503404
23,0.18659608716182616
24,0.30422604607722575
25,0.24815647063427138
26,0.11162783387269676
27,0.20222503341465758
28,0.12831633490747135
29,0.19005433114199569
30,0.1850163786919782
31,0.2102369696880346
32,0.16509717207195324
33,0.1137225077320302
34,0.24718176832549046
35,0.19284443686684838
36,0.20451093703487552
37,0.2346007308804159
38,0.25399682135721535
39,0.19786106590532765
40,0.17669071315181337
41,0.09701067962861759
42,0.2515981860182293
43,0.23620708514168948
44,0.24631674026602607
45,0.21225086633415982
46,0.1403901176231572
47,0.2366480023732324
48,0.13512767671924747
49,0.23257314702290272
50,0.2282588806680734
51,0.2860688225136709
52,0.2417723169428077
53,0.1710709015698308
54,0.20837064665592647
55,0.21417576729280002
56,0.28243718932240297
57,0.15186663604415016
58,0.21583435683548605
59,0.19317669973163296
