,concentration
0,0.1794754267856873
1,0.14297723522524647
2,0.1305888753566005
3,0.23931094321551824
4,0.20270444149839542
5,0.22842728032341045
6,0.17880010089819465
7,0.21550002134777793
8,0.13589915855069945
9,0.13753286092304104
10,0.17949532397526002
11,0.22477379615838408
12,0.20888943405371
13,0.08088893553899974
14,0.1225774836978515
15,0.23213925014141773
16,0.15457036323155351
17,0.1508022120519772
18,0.2108361852865677
19,0.13824485427580963
20,0.19065141272519667
21,0.23074618376843817
22,0.11793210436256692
23,0.19779087113498325
24,0.1942700609194958
25,0.20074532436979942
26,0.1130873870604485
27,0.15479280102887405
28,0.1809115042976291
29,0.17204903239882346
30,0.2165440884658826
31,0.20691713922990745
32,0.18006489371632015
33,0.15713300219978818
34,0.1389653910781086
35,0.1749629628425836
36,0.13317861036442855
37,0.16076122000072368
38,0.2065983828511605
39,0.18623040745400052
40,0.1557455506680475
41,0.17537113031554985
42,0.2383487330926271
43,0.256310016551475
44,0.25280292713774716
45,0.20946070938073788
46,0.15023285565817243
47,0.23154386253430623
48,0.06653764876778231
49,0.19848121490115006
50,0.13964690366141816
51,0.179724167343393
52,0.20285346266082568
53,0.10803781556792028
54,0.20600759103329871
55,0.17250846123857047
56,0.21756927226737954
57,0.1239767334301308
58,0.18783347200758885
59,0.20346457810249213
